contributor_state,dem,gop,state_diff
CA,494559.8300000001,181802.2,312757.63000000006
NY,387850.43,24520,363330.43
DC,153756.52000000002,586,153170.52000000002
IL,132419.11,20050,112369.10999999999
MD,132191.87,250,131941.87
MA,131554.27000000002,12518.75,119035.52000000002
WA,99518.7700000001,0,99518.7700000001
FL,72621.25,134895.08000000002,-62273.830000000016
CT,70311.56,41500,28811.559999999998
TX,65528.21,87605.89,-22077.68
VA,57271.16,6718,50553.16
CO,57225.33,0,57225.33
GA,41791.17,34900,6891.169999999998
NJ,40356,250,40106
OK,32500,0,32500
OR,30210.559999999998,0,30210.559999999998
IN,20700,4800,15900
NV,20000,30400,-10400
MN,17371.62,0,17371.62
RI,17260,0,17260
OH,16263.43,0,16263.43
ME,15000,0,15000
NM,13300,0,13300
NC,11101.11,60,11041.11
MI,9955.93,250,9705.93
LA,8745.11,0,8745.11
SC,4340.42,0,4340.42
WI,3475.99,0,3475.99
TN,3250.31,38700,-35449.69
VT,3019.61,0,3019.61
MO,2388.91,31750,-29361.09
AZ,1700,0,1700
DE,1550,250,1300
WV,1200,0,1200
PR,995.51,0,995.51
AE,520.21,0,520.21
MT,250,10000,-9750
KY,75,250,-175
ND,75,0,75
